Character matrix
   A  B  C  D  E
0  0  1  1  1  0
1  1  1  0  0  1 


Serially sampled tree
(((A:2.0,B:1.0):1.0,(C:3.0,D:2.0):3.0):1.0,E:2.0) 

CBLV+S tensor (unscaled)
[[7. 2. 3. 1. 2. 0. 0. 0. 0. 0.]
 [0. 4. 1. 2. 0. 0. 0. 0. 0. 0.]
 [3. 2. 2. 1. 2. 0. 0. 0. 0. 0.]
 [0. 3. 1. 1. 0. 0. 0. 0. 0. 0.]
 [1. 1. 0. 1. 0. 0. 0. 0. 0. 0.]
 [0. 0. 1. 1. 1. 0. 0. 0. 0. 0.]] 

CBLV+S tensor (rescaled)
[[1.   0.29 0.43 0.14 0.29 0.   0.   0.   0.   0.  ]
 [0.   0.57 0.14 0.29 0.   0.   0.   0.   0.   0.  ]
 [0.43 0.29 0.29 0.14 0.29 0.   0.   0.   0.   0.  ]
 [0.   0.43 0.14 0.14 0.   0.   0.   0.   0.   0.  ]
 [1.   1.   0.   1.   0.   0.   0.   0.   0.   0.  ]
 [0.   0.   1.   1.   1.   0.   0.   0.   0.   0.  ]] 


Extant-only tree
(((A:5.0,B:5.0):1.0,(C:3.0,D:3.0):3.0):1.0,E:7.0) 

CDV+S tensor (unscaled)
[[2. 1. 4. 0. 0. 0. 0. 0. 0. 0.]
 [5. 5. 3. 3. 7. 0. 0. 0. 0. 0.]
 [1. 1. 3. 0. 0. 0. 0. 0. 0. 0.]
 [1. 0. 1. 1. 0. 0. 0. 0. 0. 0.]
 [1. 1. 0. 0. 1. 0. 0. 0. 0. 0.]] 

CDV+S tensor (rescaled)
[[0.29 0.14 0.57 0.   0.   0.   0.   0.   0.   0.  ]
 [0.71 0.71 0.43 0.43 1.   0.   0.   0.   0.   0.  ]
 [0.14 0.14 0.43 0.   0.   0.   0.   0.   0.   0.  ]
 [0.   1.   1.   1.   0.   0.   0.   0.   0.   0.  ]
 [1.   1.   0.   0.   1.   0.   0.   0.   0.   0.  ]] 

